%YAML:1.0

imu_p_cam_left: !!opencv-matrix
  rows: 3
  cols: 1
  dt: d
  data: [ -0.050720060477640147, -0.0017414170413474165, 0.0022943667597148118 ]

imu_q_cam_left:
  x: 0.13431639597354814
  y: 0.00095051670014565813
  z: -0.0084222184858180373
  w: 0.99090224973327068

imu_p_cam_right: !!opencv-matrix
  rows: 3
  cols: 1
  dt: d
  data: [ 0.051932496584961352, -0.0011555929083120534, 0.0030949732069645722 ]

imu_q_cam_right:
  x: 0.13492462817073628
  y: -0.00013648999867379373
  z: -0.015306242884176362
  w: 0.99073762672679389